world: world
x: -533.8526598065107
y: 67.0
z: 871.1325611274428
yaw: 343.9796
pitch: -22.949984
name: banker
