world: world
x: -582.3370146400032
y: 68.0
z: 845.3895013897142
yaw: 133.36183
pitch: 1.0499444
name: Crates
