world: world
x: -569.5163425197156
y: 67.0
z: 912.3000873912279
yaw: -0.28812352
pitch: -0.45004833
name: Enchanter
