world: world
x: -617.6223772274697
y: 80.0
z: 907.0424431974598
yaw: 25.203247
pitch: -3.3000975
name: hospital
