world: world
x: -504.51630618506954
y: 124.0
z: 941.4237404364582
yaw: 271.44592
pitch: 2.2503347
name: lof
