world: world
x: -556.8701557443634
y: 66.0
z: 852.1603573839303
yaw: 183.94092
pitch: 1.3499783
name: Marketplace
