world: world
x: -613.441253969242
y: 70.0
z: 869.5551009351633
yaw: 91.065674
pitch: -7.949756
name: Quests
