world: world
x: -573.5232713934655
y: 72.0
z: 873.4767871968446
yaw: 0.22763062
pitch: -6.5999956
name: Spawn
