spawns: 
  default: 
    world: world
    x: -573.4992505884763
    y: 72.0
    z: 873.5371846606445
    yaw: 0.24313354
    pitch: -6.300016
