lastAccountName: GrossVerdiener
timestamps:
  login: 1533738464619
  lastteleport: 1533738687574
ipAddress: 127.0.0.1
lastlocation:
  world: world
  x: 43.0
  y: 83.0
  z: -75.64539998837411
  yaw: 59.09993
  pitch: 10.500009
money: '40.0'
